10 -70.4349397418199
20 -50.39465688543941
30 -40.606449491877584
40 -34.53924802700799
50 -30.274979580572094
60 -27.048849321682884
70 -24.49130199968733
80 -22.397666626519193
90 -20.64289436900894
100 -19.144954291317546
110 -17.84716018714098
120 -16.70878858888211
130 -15.6996996800158
140 -14.797055354408549
150 -13.983214359824782
160 -13.244327404562254
170 -12.569368950347554
180 -11.949452411427238
190 -11.377335339743174
200 -10.847055415577485
210 -10.353658519043098
220 -9.892992846597664
230 -9.46155116416348
240 -9.056348638108942
250 -8.67482728928772
260 -8.314780591868997
270 -7.974293469898301
280 -7.65169417294033
290 -7.3455153953902865
300 -7.05446264664117
310 -6.777388351850044
320 -6.5132705139706
330 -6.26119503068351
340 -6.020340958569513
350 -5.789968168216571
360 -5.569406950078793
370 -5.358049220632389
380 -5.155341048165217
390 -4.960776272164572
400 -4.773891033285295
410 -4.594259064949819
420 -4.421487624763427
430 -4.255213965648702
440 -4.095102264080082
450 -3.9408409369298933
460 -3.7921402899156584
470 -3.6487304500039857
480 -3.5103595418012183
490 -3.376792074276234
500 -3.2478075093781316
510 -3.1231989884383387
520 -3.0027721958482285
530 -2.8863443425118387
540 -2.7737432540950966
550 -2.6648065512137507
560 -2.55938091049135
570 -2.457321396932776
580 -2.3584908593439167
590 -2.2627593816219855
600 -2.1700037836745913
610 -2.080107166524657
620 -1.9929584968439813
630 -1.908452226747757
640 -1.82648794519096
650 -1.7469700577468288
660 -1.66980749192835
670 -1.5949134255440258
680 -1.5222050358667083
690 -1.4516032676447823
700 -1.3830326182040067
710 -1.3164209380797427
720 -1.2516992457874565
730 -1.188801555486898
740 -1.1276647164253202
750 -1.0682282631596545
760 -1.0104342756587918
770 -0.9542272484765828
780 -0.8995539682657108
790 -0.8463633989728492
800 -0.7946065741184283
810 -0.7442364956199414
820 -0.6952080386677819
830 -0.6474778622068662
840 -0.6010043246173713
850 -0.5557474042235073
860 -0.5116686242913251
870 -0.4687309822054977
880 -0.42689888254084263
890 -0.3861380737679183
900 -0.34641558835306263
910 -0.3076996860324823
920 -0.2699598000572676
930 -0.23316648622196157
940 -0.19729137450365464
950 -0.16230712315140705
960 -0.12818737507789324
970 -0.09490671641572135
980 -0.062440637110900976
990 -0.030765493434925073
1000 0.00014152769487840722
1010 0.030302442689346565
1020 0.05973850365161715
1030 0.08847022922076109
1040 0.11651743397832415
1050 0.14389925649577862
1060 0.17063418609598768
1070 0.1967400883969619
1080 0.22223422970207007
1090 0.24713330029685876
1100 0.27145343670887323
1110 0.2952102429836523
1120 0.3184188110266901
1130 0.34109374005839754
1140 0.36324915522621914
1150 0.38489872541562553
1160 0.4060556802992341
1170 0.4267328266611279
1180 0.44694256403138377
1190 0.4666968996638656
1200 0.48600746288850494
1210 0.5048855188676491
1220 0.5233419817843947
1230 0.5413874274894139
1240 0.5590321056312852
1250 0.5762859512941358
1260 0.5931585961650592
1270 0.6096593792526876
1280 0.6257973571771573
1290 0.6415813140507256
1300 0.6570197709672649
1310 0.6721209951179961
1320 0.686893008549939
1330 0.7013435965827404
1340 0.715480315898809
1350 0.7293105023208761
1360 0.7428412782905367
1370 0.7560795600605432
1380 0.7690320646131272
1390 0.7817053163159833
1400 0.7941056533269695
1410 0.8062392337581592
1420 0.8181120416092926
1430 0.8297298924802108
1440 0.8410984390715095
1450 0.8522231764820896
1460 0.8631094473120002
1470 0.8737624465785205
1480 0.8841872264530715
1490 0.8943887008262836
1500 0.9043716497080558
1510 0.9141407234693812
1520 0.9237004469321164
1530 0.933055223312877
1540 0.9422093380267846
1550 0.9511669623566372
1560 0.9599321569927575
1570 0.968508875448638
1580 0.9769009673571984
1590 0.9851121816522894
1600 0.9931461696399335
1610 1.0010064879634815
1620 1.0086966014668257
1630 1.0162198859595208
1640 1.023579630887597
1650 1.0307790419135814
1660 1.0378212434092333
1670 1.0447092808642082
1680 1.0514461232138623
1690 1.0580346650891896
1700 1.0644777289917822
1710 1.0707780673966125
1720 1.0769383647853172
1730 1.0829612396124846
1740 1.0888492462074615
1750 1.094604876614015
1760 1.1002305623700719
1770 1.1057286762297909
1780 1.1111015338299526
1790 1.1163513953027553
1800 1.1214804668368823
1810 1.1264909021887137
1820 1.1313848041454526
1830 1.1361642259418676
1840 1.140831172632289
1850 1.1453876024194414
1860 1.1498354279416205
1870 1.1541765175196728
1880 1.1584126963651737
1890 1.1625457477511472
1900 1.1665774141466492
1910 1.170509398316411
1920 1.1743433643867904
1930 1.1780809388791584
1940 1.181723711711821
1950 1.1852732371715764
1960 1.1887310348559237
1970 1.1920985905868684
1980 1.1953773572973858
1990 1.1985687558913085
2000 1.201674176077685
2010 1.2046949771803277
2020 1.2076324889234533
2030 1.210488012194166
2040 1.2132628197825572
2050 1.215958157100165
2060 1.2185752428774999
2070 1.221115269841278
2080 1.2235794053720865
2090 1.2259687921430786
2100 1.2282845487402978
2110 1.2305277702652488
2120 1.2326995289202725
2130 1.2348008745772714
2140 1.2368328353303215
2150 1.238796418032665
2160 1.2406926088186139
2170 1.2425223736108015
2180 1.2442866586132495
2190 1.2459863907907158
2200 1.24762247833474
2210 1.2491958111167794
2220 1.2507072611288619
2230 1.252157682912144
2240 1.2535479139737116
2250 1.2548787751920287
2260 1.2561510712113426
2270 1.2573655908254118
2280 1.2585231073508623
2290 1.2596243789904897
2300 1.2606701491868266
2310 1.261661146966227
2320 1.2625980872738154
2330 1.2634816712995145
2340 1.264312586795438
2350 1.2650915083849283
2360 1.2658190978634463
2370 1.2664960044915783
2380 1.2671228652804014
2390 1.2677003052693836
2400 1.2682289377971112
2410 1.2687093647649834
2420 1.2691421768941016
2430 1.2695279539755933
2440 1.2698672651144658
2450 1.2701606689672824
2460 1.270408713973758
2470 1.270611938582491
2480 1.2707708714709711
2490 1.2708860317600639
2500 1.270957929223071
2510 1.2709870644895893
2520 1.2709739292442488
2530 1.2709190064205234
2540 1.2708227703897095
2550 1.2706856871452592
2560 1.2705082144825366
2570 1.2702908021741828
2580 1.2700338921411571
2590 1.2697379186196232
2600 1.26940330832375
2610 1.2690304806045796
2620 1.2686198476050348
2630 1.268171814411187
2640 1.2676867791999016
2650 1.2671651333829197
2660 1.2666072617475082
2670 1.2660135425937593
2680 1.2653843478686286
2690 1.2647200432967707
2700 1.264020988508338
2710 1.2632875371637096
2720 1.2625200370753433
2730 1.2617188303267368
2740 1.2608842533886442
2750 1.2600166372325632
2760 1.259116307441607
2770 1.2581835843187998
2780 1.2572187829928954
2790 1.2562222135217234
2800 1.2551941809932219
2810 1.254134985624109
2820 1.2530449228563376
2830 1.2519242834513522
2840 1.2507733535821925
2850 1.249592414923553
2860 1.2483817447397731
2870 1.2471416159708895
2880 1.2458722973167218
2890 1.2445740533191199
2900 1.2432471444423627
2910 1.2418918271517447
2920 1.2405083539904953
2930 1.2390969736549164
2940 1.2376579310679257
2950 1.2361914674509475
2960 1.2346978203942796
2970 1.2331772239258578
2980 1.2316299085785822
2990 1.23005610145615
3000 1.2284560262974789
3010 1.2268299035397283
3020 1.2251779503799791
3030 1.2235003808355764
3040 1.2217974058031875
3050 1.2200692331166012
3060 1.2183160676032885
3070 1.2165381111397777
3080 1.2147355627058416
3090 1.2129086184375526
3100 1.2110574716792137
3110 1.2091823130342076
3120 1.20728333041477
3130 1.2053607090907341
3140 1.203414631737257
3150 1.2014452784815517
3160 1.1994528269486566
3170 1.197437452306254
3180 1.1953993273085783
3190 1.1933386223393967
3200 1.1912555054541347
3210 1.1891501424211346
3220 1.1870226967620678
3230 1.1848733297915217
3240 1.1827022006557955
3250 1.180509466370904
3260 1.1782952818598262
3270 1.1760597999889826
3280 1.1738031716040014
3290 1.171525545564762
3300 1.1692270687797366
3310 1.166907886239652
3320 1.1645681410504811
3330 1.1622079744657834
3340 1.1598275259184008
3350 1.1574269330515319
3360 1.1550063317492065
3370 1.1525658561661456
3380 1.15010563875704
3390 1.147625810305277
3400 1.1451264999510817
3410 1.1426078352191285
3420 1.1400699420456148
3430 1.137512944804813
3440 1.1349369663351068
3450 1.1323421279645323
3460 1.129728549535825
3470 1.1270963494309965
3480 1.1244456445954165
3490 1.1217765505614994
3500 1.119089181471844
3510 1.1163836501020317
3520 1.1136600678829367
3530 1.1109185449226273
3540 1.1081591900278704
3550 1.1053821107252157
3560 1.1025874132816924
3570 1.0997752027251226
3580 1.096945582864056
3590 1.0940986563073172
3600 1.0912345244832293
3610 1.0883532876584368
3620 1.085455044956423
3630 1.0825398943756497
3640 1.0796079328073906
3650 1.076659256053234
3660 1.073693958842248
3670 1.0707121348478599
3680 1.0677138767044085
3690 1.0646992760233995
3700 1.0616684234094793
3710 1.0586214084761019
3720 1.055558319860931
3730 1.0524792452409453
3740 1.049384271347305
3750 1.0462734839799128
3760 1.0431469680217444
3770 1.0400048074529107
3780 1.0368470853644762
3790 1.0336738839720334
3800 1.0304852846290191
3810 1.02728136783983
3820 1.0240622132726722
3830 1.0208278997722093
3840 1.017578505371973
3850 1.0143141073065687
3860 1.0110347820236614
3870 1.0077406051957614
3880 1.0044316517317746
3890 1.001107995788412
3900 0.9977697107813353
3910 0.9944168693961577
3920 0.9910495435992348
3930 0.987667804648267
3940 0.9842717231027363
3950 0.9808613688341519
3960 0.9774368110361229
3970 0.9739981182342596
3980 0.9705453582959094
3990 0.9670785984397259
4000 0.9635979052450729
4010 0.960103344661273
4020 0.9565949820167039
4030 0.9530728820277294
4040 0.9495371088074926
4050 0.9459877258745559
4060 0.9424247961614081
4070 0.9388483820227984
4080 0.9352585452439763
4090 0.9316553470487527
4100 0.9280388481074551
4110 0.924409108544743
4120 0.9207661879472857
4130 0.9171101453713311
4140 0.9134410393501298
4150 0.9097589279012475
4160 0.9060638685337761
4170 0.9023559182553773
4180 0.8986351335792704
4190 0.8949015705310628
4200 0.8911552846554935
4210 0.8873963310230477
4220 0.8836247642364838
4230 0.8798406384372515
4240 0.876044007311787
4250 0.8722349240977321
4260 0.8684134415900415
4270 0.8645796121469882
4280 0.8607334876960882
4290 0.8568751197399083
4300 0.853004559361801
4310 0.8491218572315347
4320 0.8452270636108579
4330 0.8413202283589285
4340 0.8374014009377124
4350 0.8334706304172625
4360 0.829527965480918
4370 0.8255734544304323
4380 0.8216071451910163
4390 0.8176290853163029
4400 0.8136393219932221
4410 0.8096379020468241
4420 0.8056248719450048
4430 0.8016002778031714
4440 0.7975641653888283
4450 0.7935165801260968
4460 0.7894575671001594
4470 0.7853871710616402
4480 0.7813054364309227
4490 0.7772124073023836
4500 0.7731081274485785
4510 0.768992640324359
4520 0.7648659890709308
4530 0.7607282165198295
4540 0.7565793651968638
4550 0.7524194773259836
4560 0.7482485948330884
4570 0.7440667593497847
4580 0.7398740122170813
4590 0.7356703944890319
4600 0.7314559469363178
4610 0.7272307100497835
4620 0.7229947240439196
4630 0.7187480288602812
4640 0.7144906641708697
4650 0.7102226693814582
4660 0.705944083634864
4670 0.7016549458141725
4680 0.6973552945459298
4690 0.6930451682032548
4700 0.6887246049089437
4710 0.6843936425384971
4720 0.6800523187231124
4730 0.6757006708526496
4740 0.6713387360785217
4750 0.6669665513165686
4760 0.6625841532498715
4770 0.6581915783315475
4780 0.6537888627874759
4790 0.6493760426190025
4800 0.6449531536056068
4810 0.6405202313075102
4820 0.63607731106828
4830 0.6316244280173535
4840 0.6271616170725693
4850 0.6226889129426167
4860 0.618206350129499
4870 0.6137139629309145
4880 0.6092117854426431
4890 0.6046998515608577
4900 0.60017819498445
4910 0.5956468492172746
4920 0.5911058475703983
4930 0.5865552231643059
4940 0.5819950089310537
4950 0.5774252376164255
4960 0.5728459417820468
4970 0.5682571538074479
4980 0.5636589058921304
4990 0.5590512300575747
5000 0.5544341581492533
5010 0.5498077218385791
5020 0.5451719526248429
5030 0.5405268818371329
5040 0.5358725406362201
5050 0.5312089600164012
5060 0.5265361708073393
5070 0.5218542036758653
5080 0.5171630891277692
5090 0.5124628575095362
5100 0.5077535390100969
5110 0.5030351636625214
5120 0.498307761345707
5130 0.4935713617860369
5140 0.48882599455902387
5150 0.484071689090912
5160 0.47930847466028004
5170 0.47453638039960677
5180 0.46975543529681496
5190 0.4649656681968113
5200 0.46016710780298364
5210 0.4553597826786875
5220 0.45054372124870645
5230 0.4457189518007141
5240 0.4408855024866809
5250 0.4360434013242911
5260 0.4311926761983287
5270 0.4263333548620447
5280 0.42146546493850323
5290 0.4165890339219196
5300 0.4117040891789725
5310 0.4068106579500892
5320 0.4019087673507422
5330 0.39699844437269816
5340 0.392079715885262
5350 0.38715260863651046
5360 0.3822171492544937
5370 0.37727336424844227
5380 0.3723212800099369
5390 0.36736092281407107
5400 0.36239231882060885
5410 0.3574154940751011
5420 0.35243047451001774
5430 0.3474372859458441
5440 0.3424359540921622
5450 0.3374265045487328
5460 0.33240896280655763
5470 0.3273833542489073
5480 0.3223497041523764
5490 0.3173080376878801
5500 0.31225837992167427
5510 0.30720075581633255
5520 0.3021351902317364
5530 0.2970617079260378
5540 0.29198033355660025
5550 0.2868910916809604
5560 0.2817940067577376
5570 0.27668910314755957
5580 0.2715764051139584
5590 0.2664559368242756
5600 0.26132772235053014
5610 0.25619178567029066
5620 0.2510481506675384
5630 0.2458968411335114
5640 0.24073788076753866
5650 0.23557129317786352
5660 0.2303971018824662
5670 0.2252153303098594
5680 0.22002600179988763
5690 0.21482913960450678
5700 0.2096247668885587
5710 0.20441290673053936
5720 0.19919358212334348
5730 0.19396681597501786
5740 0.188732631109493
5750 0.18349105026730195
5760 0.1782420961063047
5770 0.172985791202398
5780 0.1677221580502004
5790 0.16245121906375326
5800 0.15717299657719686
5810 0.15188751284544155
5820 0.14659479004483011
5830 0.14129485027380162
5840 0.13598771555352207
5850 0.13067340782854564
5860 0.12535194896741753
5870 0.12002336076331788
5880 0.11468766493467708
5890 0.10934488312576418
5900 0.1039950369073035
5910 0.09863814777706725
5920 0.09327423716044692
5930 0.08790332641104537
5940 0.08252543681123514
5950 0.07714058957273351
5960 0.07174880583714427
5970 0.06635010667652508
5980 0.06094451309391502
5990 0.055532046023876624
6000 0.05011272633302721
6010 0.04468657482055538
6020 0.03925361221874013
6030 0.03381385919347246
6040 0.028367336344737426
6050 0.022914064207124607
6060 0.017454063250319507
6070 0.011987353879587825
6080 0.006513956436253077
6090 0.0010338911981762067
6100 -0.004452821619787439
6110 -0.009946161865312053
6120 -0.015446109448157497
6130 -0.020952644339710336
6140 -0.026465746572541526
6150 -0.03198539623996233
6160 -0.03751157349559664
6170 -0.04304425855294047
6180 -0.04858343168494983
6190 -0.05412907322360905
6200 -0.059681163559528905
6210 -0.06523968314152295
6220 -0.07080461247622205
6230 -0.07637593212765381
6240 -0.08195362271685758
6250 -0.08753766492149984
6260 -0.09312803947547765
6270 -0.09872472716855007
6280 -0.10432770884594378
6290 -0.10993696540800135
6300 -0.11555247780980293
6310 -0.12117422706079983
6320 -0.1268021942244597
6330 -0.13243636041792373
6340 -0.13807670681163486
6350 -0.14372321462899906
6360 -0.14937586514605972
6370 -0.1550346396911242
6380 -0.1606995196444725
6390 -0.1663704864379878
6400 -0.17204752155485936
6410 -0.17773060652923922
6420 -0.18341972294593445
6430 -0.1891148524400892
6440 -0.19481597669687645
6450 -0.20052307745117792
6460 -0.20623613648729622
6470 -0.21195513563864754
6480 -0.21768005678745173
6490 -0.22341088186446267
6500 -0.22914759284865793
6510 -0.23489017176695182
6520 -0.24063860069393517
6530 -0.24639286175156228
6540 -0.2521529371088942
6550 -0.2579188089818203
6560 -0.2636904596327785
6570 -0.26946787137050254
6580 -0.2752510265497454
6590 -0.2810399075710204
6600 -0.28683449688034246
6610 -0.29263477696897233
6620 -0.2984407303731649
6630 -0.3042523396739125
6640 -0.3100695874967072
6650 -0.3158924565112886
6660 -0.3217209294314052
6670 -0.32755498901456903
6680 -0.33339461806183435
6690 -0.3392397994175389
6700 -0.34509051596910245
6710 -0.3509467506467736
6720 -0.3568084864234127
6730 -0.3626757063142758
6740 -0.3685483933767788
6750 -0.37442653071028653
6760 -0.3803101014558967
6770 -0.386199088796229
6780 -0.39209347595520105
6790 -0.39799324619783416
6800 -0.40389838283003954
6810 -0.4098088691984114
6820 -0.415724688690025
6830 -0.4216458247322463
6840 -0.42757226079251787
6850 -0.43350398037817106
6860 -0.43944096703623936
6870 -0.44538320435325396
6880 -0.45133067595505816
6890 -0.45728336550662796
6900 -0.4632412567118718
6910 -0.46920433331346434
6920 -0.4751725790926469
6930 -0.4811459778690601
6940 -0.48712451350056263
6950 -0.4931081698830564
6960 -0.4990969309503135
6970 -0.505090780673795
6980 -0.5110897030624919
6990 -0.5170936821627561
7000 -0.5231027020581243
7010 -0.529116746869164
7020 -0.5351358007532987
7030 -0.5411598479046611
7040 -0.5471888725539182
7050 -0.5532228589681276
7060 -0.5592617914505627
7070 -0.5653056543405812
7080 -0.5713544320134494
7090 -0.5774081088802037
7100 -0.5834666693875019
7110 -0.5895300980174589
7120 -0.5955983792875248
7130 -0.6016714977503144
7140 -0.6077494379934802
7150 -0.6138321846395591
7160 -0.6199197223458408
7170 -0.6260120358042216
7180 -0.6321091097410654
7190 -0.638210928917073
7200 -0.6443174781271406
7210 -0.6504287422002282
7220 -0.6565447059992318
7230 -0.6626653544208394
7240 -0.6687906723954096
7250 -0.674920644886845
7260 -0.6810552568924617
7270 -0.6871944934428593
7280 -0.6933383396018007
7290 -0.6994867804660849
7300 -0.705639801165431
7310 -0.7117973868623468
7320 -0.7179595227520159
7330 -0.7241261940621779
7340 -0.7302973860530071
7350 -0.736473084017002
7360 -0.7426532732788607
7370 -0.7488379391953743
7380 -0.755027067155309
7390 -0.7612206425793011
7400 -0.7674186509197325
7410 -0.7736210776606312
7420 -0.7798279083175625
7430 -0.7860391284375146
7440 -0.7922547235987927
7450 -0.7984746794109188
7460 -0.8046989815145262
7470 -0.8109276155812402
7480 -0.8171605673135991
7490 -0.8233978224449325
7500 -0.8296393667392734
7510 -0.8358851859912431
7520 -0.8421352660259709
7530 -0.8483895926989797
7540 -0.8546481518960967
7550 -0.860910929533353
7560 -0.8671779115568894
7570 -0.8734490839428624
7580 -0.8797244326973495
7590 -0.886003943856255
7600 -0.8922876034852214
7610 -0.8985753976795303
7620 -0.904867312564019
7630 -0.9111633342929872
7640 -0.9174634490501097
7650 -0.9237676430483477
7660 -0.9300759025298575
7670 -0.9363882137659121
7680 -0.9427045630568038
7690 -0.9490249367317736
7700 -0.9553493211489066
7710 -0.9616777026950709
7720 -0.9680100677858157
7730 -0.9743464028653026
7740 -0.9806866944062138
7750 -0.9870309289096735
7760 -0.9933790929051831
7770 -0.9997311729505083
7780 -1.0060871556316293
7790 -1.0124470275626574
7800 -1.018810775385746
7810 -1.025178385771024
7820 -1.031549845416511
7830 -1.037925141048055
7840 -1.0443042594192429
7850 -1.05068718731133
7860 -1.0570739115331769
7870 -1.0634644189211606
7880 -1.0698586963391064
7890 -1.076256730678221
7900 -1.08265850885702
7910 -1.0890640178212503
7920 -1.0954732445438307
7930 -1.1018861760247631
7940 -1.1083027992910903
7950 -1.1147231013968013
7960 -1.12114706942278
7970 -1.1275746904767265
7980 -1.1340059516930978
7990 -1.1404408402330413
8000 -1.1468793432843176
8010 -1.1533214480612495
8020 -1.159767141804648
8030 -1.1662164117817486
8040 -1.1726692452861478
8050 -1.1791256296377375
8060 -1.1855855521826468
8070 -1.1920490002931778
8080 -1.1985159613677365
8090 -1.2049864228307805
8100 -1.211460372132748
8110 -1.217937796750002
8120 -1.224418684184776
8130 -1.2309030219650978
8140 -1.237390797644749
8150 -1.2438819988031842
8160 -1.2503766130454914
8170 -1.2568746280023269
8180 -1.2633760313298463
8190 -1.2698808107096706
8200 -1.2763889538488034
8210 -1.2829004484795847
8220 -1.2894152823596472
8230 -1.2959334432718341
8240 -1.302454919024166
8250 -1.3089796974497707
8260 -1.3155077664068395
8270 -1.3220391137785614
8280 -1.3285737274730813
8290 -1.3351115954234327
8300 -1.3416527055874905
8310 -1.3481970459479276
8320 -1.3547446045121356
8330 -1.3612953693122023
8340 -1.3678493284048407
8350 -1.3744064698713387
8360 -1.38096678181752
8370 -1.3875302523736748
8380 -1.3940968696945193
8390 -1.4006666219591448
8400 -1.4072394973709645
8410 -1.4138154841576673
8420 -1.4203945705711645
8430 -1.4269767448875381
8440 -1.4335619954069947
8450 -1.4401503104538222
8460 -1.4467416783763305
8470 -1.4533360875468073
8480 -1.4599335263614717
8490 -1.4665339832404305
8500 -1.4731374466276193
8510 -1.4797439049907632
8520 -1.4863533468213284
8530 -1.4929657606344748
8540 -1.4995811349690138
8550 -1.5061994583873486
8560 -1.5128207194754495
8570 -1.519444906842788
8580 -1.5260720091223021
8590 -1.5327020149703499
8600 -1.539334913066663
8610 -1.545970692114302
8620 -1.5526093408396036
8630 -1.559250847992161
8640 -1.5658952023447492
8650 -1.5725423926933026
8660 -1.5791924078568615
8670 -1.5858452366775335
8680 -1.5925008680204398
8690 -1.599159290773692
8700 -1.6058204938483307
8710 -1.6124844661782913
8720 -1.61915119672036
8730 -1.62582067445413
8740 -1.6324928883819636
8750 -1.6391678275289503
8760 -1.6458454809428567
8770 -1.652525837694094
8780 -1.659208886875673
8790 -1.6658946176031701
8800 -1.6725830190146724
8810 -1.6792740802707504
8820 -1.6859677905544097
8830 -1.6926641390710517
8840 -1.6993631150484374
8850 -1.706064707736647
8860 -1.7127689064080323
8870 -1.7194757003571888
8880 -1.7261850789009014
8890 -1.7328970313781271
8900 -1.739611547149932
8910 -1.7463286155994653
8920 -1.75304822613192
8930 -1.7597703681744914
8940 -1.7664950311763423
8950 -1.7732222046085577
8960 -1.77995187796411
8970 -1.7866840407578302
8980 -1.79341868252635
8990 -1.8001557928280856
9000 -1.8068953612431833
9010 -1.813637377373496
9020 -1.8203818308425284
9030 -1.8271287112954195
9040 -1.8338780083988926
9050 -1.8406297118412178
9060 -1.8473838113321888
9070 -1.8541402966030684
9080 -1.8608991574065623
9090 -1.8676603835167827
9100 -1.8744239647292074
9110 -1.881189890860648
9120 -1.8879581517492117
9130 -1.8947287372542663
9140 -1.9015016372564029
9150 -1.908276841657401
9160 -1.915054340380192
9170 -1.9218341233688299
9180 -1.9286161805884428
9190 -1.9354005020252156
9200 -1.942187077686337
9210 -1.9489758975999782
9220 -1.9557669518152472
9230 -1.9625602304021617
9240 -1.9693557234516135
9250 -1.9761534210753342
9260 -1.9829533134058503
9270 -1.9897553905964656
9280 -1.996559642821218
9290 -2.003366060274841
9300 -2.01017463317274
9310 -2.016985351750952
9320 -2.023798206266112
9330 -2.030613186995417
9340 -2.0374302842366028
9350 -2.0442494883078988
9360 -2.051070789547996
9370 -2.0578941783160225
9380 -2.064719644991495
9390 -2.0715471799743037
9400 -2.0783767736846643
9410 -2.085208416563095
9420 -2.0920420990703734
9430 -2.0988778116875153
9440 -2.1057155449157303
9450 -2.1125552892764023
9460 -2.119397035311038
9470 -2.126240773581255
9480 -2.1330864946687385
9490 -2.1399341891752055
9500 -2.146783847722382
9510 -2.153635460951967
9520 -2.160489019525592
9530 -2.1673445141248022
9540 -2.1742019354510163
9550 -2.181061274225504
9560 -2.1879225211893267
9570 -2.1947856671033534
9580 -2.2016507027481813
9590 -2.2085176189241267
9600 -2.2153864064511986
9610 -2.2222570561690542
9620 -2.2291295589369744
9630 -2.2360039056338232
9640 -2.2428800871580377
9650 -2.2497580944275706
9660 -2.2566379183798784
9670 -2.2635195499718765
9680 -2.270402980179923
9690 -2.2772881999997727
9700 -2.2841752004465565
9710 -2.2910639725547455
9720 -2.297954507378117
9730 -2.304846795989734
9740 -2.31174082948191
9750 -2.3186365989661706
9760 -2.3255340955732304
9770 -2.33243331045297
9780 -2.3393342347743804
9790 -2.3462368597255656
9800 -2.3531411765136827
9810 -2.360047176364935
9820 -2.366954850524518
9830 -2.373864190256616
9840 -2.3807751868443487
9850 -2.387687831589755
9860 -2.394602115813754
9870 -2.401518030856125
9880 -2.4084355680754648
9890 -2.415354718849171
9900 -2.4222754745734
9910 -2.429197826663053
9920 -2.436121766551725
9930 -2.443047285691695
9940 -2.449974375553875
9950 -2.45690302762781
9960 -2.463833233421618
9970 -2.4707649844619786
9980 -2.4776982722941003
9990 -2.4846330884816874
10000 -2.4915694246069107
10010 -2.4985072722703805
10020 -2.5054466230911228
10030 -2.5123874687065344
10040 -2.51932980077237
10050 -2.5262736109627024
10060 -2.5332188909699003
10070 -2.540165632504591
10080 -2.547113827295642
10090 -2.5540634670901206
10100 -2.5610145436532736
10110 -2.5679670487684945
10120 -2.5749209742372967
10130 -2.581876311879279
10140 -2.588833053532108
10150 -2.5957911910514735
10160 -2.6027507163110686
10170 -2.6097116212025755
10180 -2.6166738976356
10190 -2.6236375375376797
10200 -2.6306025328542413
10210 -2.6375688755485553
10220 -2.6445365576017448
10230 -2.6515055710127173
10240 -2.6584759077981666
10250 -2.665447559992523
10260 -2.672420519647944
10270 -2.679394778834266
10280 -2.6863703296389883
10290 -2.693347164167247
10300 -2.7003252745417807
10310 -2.7073046529028986
10320 -2.7142852914084568
10330 -2.7212671822338432
10340 -2.7282503175719217
10350 -2.735234689633022
10360 -2.7422202906449185
10370 -2.7492071128527797
10380 -2.7561951485191614
10390 -2.7631843899239588
10400 -2.7701748293644073
10410 -2.7771664591550254
10420 -2.7841592716275922
10430 -2.7911532591311436
10440 -2.7981484140319104
10450 -2.8051447287133158
10460 -2.8121421955759356
10470 -2.819140807037467
10480 -2.8261405555327253
10490 -2.833141433513573
10500 -2.8401434334489366
10510 -2.847146547824752
10520 -2.85415076914395
10530 -2.861156089926409
10540 -2.868162502708958
10550 -2.8751700000453235
10560 -2.88217857450611
10570 -2.8891882186787816
10580 -2.896198925167621
10590 -2.903210686593705
10600 -2.9102234955948854
10610 -2.917237344825752
10620 -2.9242522269576128
10630 -2.931268134678458
10640 -2.9382850606929454
10650 -2.9453029977223544
10660 -2.952321938504582
10670 -2.959341875794097
10680 -2.9663628023619166
10690 -2.973384710995589
10700 -2.9804075944991535
10710 -2.987431445693124
10720 -2.994456257414451
10730 -3.001482022516507
10740 -3.0085087338690473
10750 -3.0155363843581906
10760 -3.022564966886394
10770 -3.0295944743724155
10780 -3.0366248997513
10790 -3.0436562359743426
10800 -3.0506884760090642
10810 -3.0577216128391917
10820 -3.0647556394646145
10830 -3.0717905489013777
10840 -3.0788263341816444
10850 -3.085862988353666
10860 -3.092900504481765
10870 -3.0999388756463
10880 -3.1069780949436447
10890 -3.114018155486159
10900 -3.121059050402157
10910 -3.128100772835891
10920 -3.135143315947518
10930 -3.1421866729130734
10940 -3.1492308369244473
10950 -3.156275801189355
10960 -3.1633215589313117
10970 -3.1703681033896087
10980 -3.1774154278192803
10990 -3.184463525491081
11000 -3.191512389691468
11010 -3.19856201372256
11020 -3.205612390902111
11030 -3.212663514563501
11040 -3.219715378055696
11050 -3.2267679747432227
11060 -3.2338212980061396
11070 -3.2408753412400273
11080 -3.2479300978559396
11090 -3.2549855612803897
11100 -3.2620417249553277
11110 -3.2690985823381027
11120 -3.276156126901448
11130 -3.2832143521334416
11140 -3.290273251537503
11150 -3.297332818632335
11160 -3.3043930469519314
11170 -3.311453930045527
11180 -3.3185154614775776
11190 -3.325577634827737
11200 -3.3326404436908366
11210 -3.3397038816768436
11220 -3.3467679424108496
11230 -3.3538326195330397
11240 -3.3608979066986624
11250 -3.3679637975780112
11260 -3.375030285856396
11270 -3.382097365234113
11280 -3.389165029426424
11290 -3.396233272163532
11300 -3.403302087190549
11310 -3.410371468267476
11320 -3.417441409169175
11330 -3.424511903685344
11340 -3.4315829456204865
11350 -3.438654528793898
11360 -3.4457266470396313
11370 -3.452799294206466
11380 -3.459872464157894
11390 -3.4669461507720936
11400 -3.47402034794189
11410 -3.4810950495747477
11420 -3.488170249592735
11430 -3.495245941932496
11440 -3.50232212054524
11450 -3.509398779396692
11460 -3.516475912467092
11470 -3.523553513751155
11480 -3.530631577258049
11490 -3.5377100970113693
11500 -3.544789067049117
11510 -3.5518684814236767
11520 -3.558948334201766
11530 -3.5660286194644506
11540 -3.5731093313070836
11550 -3.5801904638393047
11560 -3.5872720111850027
11570 -3.5943539674822897
11580 -3.6014363268834844
11590 -3.6085190835550724
11600 -3.6156022316777054
11610 -3.622685765446147
11620 -3.6297696790692706
11630 -3.636853966770029
11640 -3.6439386227854165
11650 -3.6510236413664554
11660 -3.658109016778176
11670 -3.665194743299587
11680 -3.6722808152236386
11690 -3.6793672268572166
11700 -3.686453972521103
11710 -3.69354104654996
11720 -3.7006284432923016
11730 -3.7077161571104726
11740 -3.714804182380618
11750 -3.7218925134926604
11760 -3.7289811448502723
11770 -3.7360700708708743
11780 -3.7431592859855645
11790 -3.7502487846391395
11800 -3.7573385612900365
11810 -3.7644286104103424
11820 -3.7715189264857347
11830 -3.778609504015475
11840 -3.7857003375123846
11850 -3.7927914215028213
11860 -3.799882750526643
11870 -3.8069743191371925
11880 -3.814066121901278
11890 -3.8211581533991366
11900 -3.828250408224415
11910 -3.835342880984151
11920 -3.842435566298745
11930 -3.8495284588019256
11940 -3.8566215531407453
11950 -3.8637148439755373
11960 -3.8708083259799073
11970 -3.8779019938406947
11980 -3.8849958422579594
11990 -3.8920898659449525
12000 -3.8991840596280944
12010 -3.9062784180469476
12020 -3.913372935954188
12030 -3.9204676081156045
12040 -3.92756242931004
12050 -3.9346573943294
12060 -3.9417524979786007
12070 -3.948847735075569
12080 -3.955943100451197
12090 -3.9630385889493445
12100 -3.9701341954267795
12110 -3.977229914753189
12120 -3.9843257418111397
12130 -3.9914216714960444
12140 -3.99851769871616
12150 -4.005613818392547
12160 -4.012710025459047
12170 -4.019806314862278
12180 -4.02690268156158
12190 -4.033999120529012
12200 -4.041095626749328
12210 -4.048192195219948
12220 -4.055288820950927
12230 -4.062385498964952
12240 -4.069482224297294
12250 -4.076578991995808
12260 -4.083675797120889
12270 -4.090772634745467
12280 -4.097869499954963
12290 -4.104966387847286
12300 -4.112063293532798
12310 -4.119160212134288
12320 -4.126257138786962
12330 -4.133354068638407
12340 -4.140450996848568
12350 -4.147547918589739
12360 -4.154644829046518
12370 -4.161741723415805
12380 -4.16883859690676
12390 -4.1759354447408
12400 -4.1830322621515545
12410 -4.1901290443848564
12420 -4.197225786698718
12430 -4.204322484363303
12440 -4.211419132660897
12450 -4.2185157268859115
12460 -4.225612262344824
12470 -4.2327087343561836
12480 -4.239805138250575
12490 -4.2469014693705995
12500 -4.253997723070848
12510 -4.2610938947178845
12520 -4.268189979690218
12530 -4.275285973378281
12540 -4.282381871184411
12550 -4.289477668522818
12560 -4.2965733608195755
12570 -4.303668943512582
12580 -4.310764412051549
12590 -4.317859761897978
12600 -4.324954988525131
12610 -4.33205008741802
12620 -4.3391450540733665
12630 -4.346239883999596
12640 -4.35333457271681
12650 -4.360429115756759
12660 -4.367523508662817
12670 -4.374617746989978
12680 -4.381711826304811
12690 -4.388805742185452
12700 -4.395899490221576
12710 -4.402993066014373
12720 -4.410086465176531
12730 -4.417179683332211
12740 -4.424272716117018
12750 -4.431365559178001
12760 -4.4384582081736
12770 -4.4455506587736435
12780 -4.452642906659323
12790 -4.459734947523171
12800 -4.466826777069031
12810 -4.4739183910120515
12820 -4.481009785078645
12830 -4.488100955006486
12840 -4.495191896544462
12850 -4.502282605452686
12860 -4.509373077502444
12870 -4.5164633084761885
12880 -4.523553294167518
12890 -4.530643030381141
12900 -4.537732512932873
12910 -4.544821737649603
12920 -4.551910700369269
12930 -4.558999396940849
12940 -4.566087823224324
12950 -4.573175975090667
12960 -4.580263848421822
12970 -4.587351439110672
12980 -4.59443874306103
12990 -4.601525756187604
13000 -4.608612474415989
13010 -4.6156988936826355
13020 -4.622785009934833
13030 -4.629870819130684
13040 -4.636956317239092
13050 -4.644041500239728
13060 -4.651126364123014
13070 -4.658210904890105
13080 -4.665295118552864
13090 -4.672379001133844
13100 -4.679462548666258
13110 -4.686545757193974
13120 -4.693628622771466
13130 -4.7007111414638345
13140 -4.707793309346739
13150 -4.714875122506411
13160 -4.721956577039618
13170 -4.729037669053646
13180 -4.736118394666276
13190 -4.743198750005766
13200 -4.750278731210827
13210 -4.757358334430603
13220 -4.764437555824655
13230 -4.7715163915629315
13240 -4.778594837825751
13250 -4.785672890803781
13260 -4.7927505466980245
13270 -4.7998278017197835
13280 -4.806904652090654
13290 -4.813981094042495
13300 -4.82105712381741
13310 -4.828132737667731
13320 -4.83520793185599
13330 -4.842282702654908
13340 -4.849357046347358
13350 -4.856430959226372
13360 -4.863504437595084
13370 -4.870577477766748
13380 -4.87765007606468
13390 -4.884722228822272
13400 -4.891793932382945
13410 -4.898865183100142
13420 -4.905935977337306
13430 -4.913006311467857
13440 -4.920076181875169
13450 -4.927145584952562
13460 -4.9342145171032605
13470 -4.941282974740402
13480 -4.948350954286986
13490 -4.955418452175875
13500 -4.962485464849766
13510 -4.969551988761168
13520 -4.976618020372397
13530 -4.983683556155533
13540 -4.990748592592415
13550 -4.997813126174619
13560 -5.0048771534034335
13570 -5.0119406707898495
13580 -5.01900367485452
13590 -5.02606616212777
13600 -5.033128129149543
13610 -5.04018957246941
13620 -5.047250488646534
13630 -5.054310874249654
13640 -5.06137072585706
13650 -5.068430040056592
13660 -5.075488813445591
13670 -5.082547042630901
13680 -5.089604724228842
13690 -5.096661854865197
13700 -5.10371843117518
13710 -5.110774449803422
13720 -5.11782990740396
13730 -5.1248848006402055
13740 -5.131939126184923
13750 -5.138992880720232
13760 -5.1460460609375565
13770 -5.153098663537633
13780 -5.160150685230475
13790 -5.167202122735353
13800 -5.1742529727807955
13810 -5.1813032321045345
13820 -5.188352897453524
13830 -5.195401965583889
13840 -5.2024504332609265
13850 -5.209498297259087
13860 -5.21654555436193
13870 -5.22359220136214
13880 -5.230638235061485
13890 -5.2376836522708
13900 -5.244728449809969
13910 -5.25177262450792
13920 -5.258816173202578
13930 -5.265859092740868
13940 -5.272901379978695
13950 -5.2799430317809115
13960 -5.286984045021311
13970 -5.294024416582607
13980 -5.301064143356405
13990 -5.308103222243199
14000 -5.315141650152336
14010 -5.322179424002021
14020 -5.32921654071926
14030 -5.33625299723988
14040 -5.343288790508495
14050 -5.350323917478483
14060 -5.357358375111966
14070 -5.364392160379808
14080 -5.371425270261577
14090 -5.378457701745541
14100 -5.385489451828634
14110 -5.392520517516452
14120 -5.399550895823235
14130 -5.406580583771831
14140 -5.413609578393698
14150 -5.420637876728875
14160 -5.427665475825963
14170 -5.434692372742109
14180 -5.441718564543
14190 -5.448744048302815
14200 -5.455768821104234
14210 -5.462792880038411
14220 -5.469816222204954
14230 -5.476838844711907
14240 -5.483860744675735
14250 -5.490881919221301
14260 -5.497902365481854
14270 -5.504922080599007
14280 -5.511941061722718
14290 -5.518959306011276
14300 -5.525976810631282
14310 -5.532993572757624
14320 -5.540009589573477
14330 -5.547024858270259
14340 -5.554039376047637
14350 -5.561053140113499
14360 -5.568066147683932
14370 -5.575078395983215
14380 -5.5820898822437925
14390 -5.589100603706259
14400 -5.596110557619344
14410 -5.603119741239896
14420 -5.610128151832852
14430 -5.617135786671238
14440 -5.624142643036135
14450 -5.631148718216682
14460 -5.638154009510034
14470 -5.645158514221358
14480 -5.6521622296638245
14490 -5.65916515315856
14500 -5.666167282034672
14510 -5.673168613629191
14520 -5.68016914528708
14530 -5.68716887436121
14540 -5.694167798212329
14550 -5.701165914209071
14560 -5.708163219727918
14570 -5.715159712153189
14580 -5.722155388877025
14590 -5.729150247299374
14600 -5.736144284827957
14610 -5.7431374988782835
14620 -5.750129886873594
14630 -5.757121446244884
14640 -5.764112174430853
14650 -5.77110206887791
14660 -5.778091127040141
14670 -5.785079346379304
14680 -5.79206672436481
14690 -5.799053258473694
14700 -5.80603894619062
14710 -5.8130237850078466
14720 -5.82000777242521
14730 -5.826990905950123
14740 -5.8339731830975445
14750 -5.840954601389964
14760 -5.847935158357389
14770 -5.854914851537331
14780 -5.8618936784747815
14790 -5.868871636722197
14800 -5.875848723839489
14810 -5.882824937394002
14820 -5.889800274960495
14830 -5.896774734121131
14840 -5.903748312465454
14850 -5.910721007590382
14860 -5.917692817100182
14870 -5.924663738606455
14880 -5.931633769728121
14890 -5.938602908091409
14900 -5.94557115132983
14910 -5.952538497084164
14920 -5.95950494300245
14930 -5.966470486739958
14940 -5.973435125959194
14950 -5.9803988583298535
14960 -5.987361681528836
14970 -5.994323593240205
14980 -6.001284591155185
14990 -6.008244672972145
15000 -6.01520383639658
15010 -6.02216207914109
15020 -6.029119398925372
15030 -6.036075793476206
15040 -6.043031260527426
15050 -6.049985797819918
15060 -6.056939403101598
15070 -6.063892074127395
15080 -6.070843808659248
15090 -6.0777946044660585
15100 -6.08474445932371
15110 -6.091693371015044
15120 -6.098641337329827
15130 -6.105588356064752
15140 -6.112534425023414
15150 -6.119479542016299
15160 -6.126423704860773
15170 -6.133366911381053
15180 -6.140309159408211
15190 -6.147250446780131
15200 -6.154190771341517
15210 -6.16113013094388
15220 -6.168068523445498
15230 -6.175005946711424
15240 -6.181942398613458
15250 -6.188877877030141
15260 -6.19581237984673
15270 -6.202745904955192
15280 -6.209678450254183
15290 -6.216610013649028
15300 -6.223540593051725
15310 -6.230470186380906
15320 -6.237398791561837
15330 -6.2443264065263975
15340 -6.251253029213071
15350 -6.2581786575669245
15360 -6.265103289539587
15370 -6.272026923089253
15380 -6.278949556180654
15390 -6.2858711867850445
15400 -6.292791812880191
15410 -6.299711432450355
15420 -6.306630043486278
15430 -6.313547643985171
15440 -6.320464231950689
15450 -6.3273798053929315
15460 -6.33429436232842
15470 -6.341207900780072
15480 -6.3481204187772065
15490 -6.355031914355521
15500 -6.361942385557073
15510 -6.3688518304302715
15520 -6.375760247029852
15530 -6.382667633416883
15540 -6.3895739876587285
15550 -6.396479307829042
15560 -6.40338359200776
15570 -6.410286838281074
15580 -6.417189044741432
15590 -6.424090209487504
15600 -6.4309903306241925
15610 -6.437889406262585
15620 -6.444787434519981
15630 -6.451684413519843
15640 -6.458580341391794
15650 -6.465475216271615
15660 -6.472369036301213
15670 -6.479261799628613
15680 -6.48615350440795
15690 -6.493044148799447
15700 -6.49993373096941
15710 -6.506822249090195
15720 -6.513709701340222
15730 -6.520596085903939
15740 -6.527481400971812
15750 -6.534365644740319
15760 -6.5412488154119295
15770 -6.548130911195095
15780 -6.555011930304232
15790 -6.561891870959702
15800 -6.568770731387813
15810 -6.575648509820795
15820 -6.582525204496784
15830 -6.58940081365982
15840 -6.596275335559822
15850 -6.603148768452575
15860 -6.610021110599726
15870 -6.616892360268762
15880 -6.623762515732999
15890 -6.6306315752715665
15900 -6.63749953716939
15910 -6.6443663997172
15920 -6.6512321612114835
15930 -6.658096819954494
15940 -6.664960374254239
15950 -6.671822822424449
15960 -6.678684162784592
15970 -6.685544393659821
15980 -6.6924035133810005
15990 -6.699261520284676
16000 -6.706118412713048
16010 -6.712974189013975
16020 -6.719828847540969
16030 -6.726682386653149
16040 -6.7335348047152745
16050 -6.740386100097679
16060 -6.747236271176307
16070 -6.754085316332663
16080 -6.760933233953827
16090 -6.76778002243241
16100 -6.774625680166581
16110 -6.781470205560014
16120 -6.788313597021903
16130 -6.795155852966932
16140 -6.8019969718152815
16150 -6.808836951992591
16160 -6.8156757919299675
16170 -6.822513490063953
16180 -6.829350044836534
16190 -6.836185454695112
16200 -6.84301971809249
16210 -6.8498528334868745
16220 -6.856684799341853
16230 -6.863515614126381
16240 -6.870345276314763
16250 -6.877173784386658
16260 -6.884001136827047
16270 -6.890827332126243
16280 -6.8976523687798466
16290 -6.90447624528877
16300 -6.911298960159188
16310 -6.918120511902561
16320 -6.924940899035597
16330 -6.93176012008025
16340 -6.9385781735637
16350 -6.945395058018349
16360 -6.952210771981811
16370 -6.959025313996884
16380 -6.965838682611555
16390 -6.972650876378967
16400 -6.979461893857451
16410 -6.986271733610442
16420 -6.993080394206542
16430 -6.99988787421945
16440 -7.00669417222799
16450 -7.013499286816067
16460 -7.020303216572689
16470 -7.027105960091907
16480 -7.0339075159728655
16490 -7.040707882819726
16500 -7.04750705924171
16510 -7.054305043853049
16520 -7.061101835272989
16530 -7.067897432125772
16540 -7.074691833040639
16550 -7.081485036651788
16560 -7.088277041598404
16570 -7.095067846524607
16580 -7.1018574500794625
16590 -7.108645850916961
16600 -7.115433047696019
16610 -7.122219039080445
16620 -7.129003823738952
16630 -7.135787400345125
16640 -7.142569767577427
16650 -7.149350924119169
16660 -7.15613086865852
16670 -7.162909599888474
16680 -7.16968711650685
16690 -7.176463417216281
16700 -7.183238500724206
16710 -7.190012365742831
16720 -7.196785010989164
16730 -7.203556435184964
16740 -7.210326637056747
16750 -7.21709561533577
16760 -7.223863368758025
16770 -7.230629896064215
16780 -7.237395195999767
16790 -7.244159267314787
16800 -7.250922108764074
16810 -7.257683719107106
16820 -7.26444409710802
16830 -7.2712032415355985
16840 -7.277961151163277
16850 -7.2847178247691105
16860 -7.291473261135771
16870 -7.298227459050548
16880 -7.304980417305313
16890 -7.311732134696539
16900 -7.318482610025249
16910 -7.325231842097052
16920 -7.331979829722094
16930 -7.338726571715069
16940 -7.345472066895189
16950 -7.352216314086203
16960 -7.358959312116351
16970 -7.365701059818374
16980 -7.3724415560295
16990 -7.379180799591428
17000 -7.385918789350333
17010 -7.392655524156822
17020 -7.399391002865967
17030 -7.406125224337249
17040 -7.412858187434587
17050 -7.4195898910263
17060 -7.426320333985112
17070 -7.433049515188127
17080 -7.439777433516838
17090 -7.446504087857097
17100 -7.453229477099109
17110 -7.45995360013743
17120 -7.46667645587096
17130 -7.473398043202897
17140 -7.480118361040786
17150 -7.486837408296447
17160 -7.493555183886009
17170 -7.5002716867298815
17180 -7.506986915752737
17190 -7.513700869883518
17200 -7.520413548055419
17210 -7.527124949205865
17220 -7.533835072276524
17230 -7.540543916213268
17240 -7.547251479966196
17250 -7.553957762489594
17260 -7.560662762741941
17270 -7.567366479685894
17280 -7.574068912288279
17290 -7.58077005952007
17300 -7.58746992035641
17310 -7.594168493776561
17320 -7.600865778763923
17330 -7.607561774306003
17340 -7.614256479394424
17350 -7.6209498930249016
17360 -7.627642014197246
17370 -7.634332841915329
17380 -7.641022375187108
17390 -7.647710613024575
17400 -7.654397554443793
17410 -7.661083198464844
17420 -7.667767544111847
17430 -7.674450590412929
17440 -7.681132336400232
17450 -7.687812781109889
17460 -7.69449192358203
17470 -7.701169762860744
17480 -7.707846297994108
17490 -7.714521528034144
17500 -7.721195452036826
17510 -7.727868069062065
17520 -7.734539378173704
17530 -7.7412093784395
17540 -7.747878068931119
17550 -7.754545448724132
17560 -7.7612115168979905
17570 -7.767876272536032
17580 -7.774539714725467
17590 -7.781201842557358
17600 -7.787862655126627
17610 -7.79452215153203
17620 -7.801180330876168
17630 -7.8078371922654455
17640 -7.814492734810093
17650 -7.821146957624142
17660 -7.827799859825422
17670 -7.834451440535531
17680 -7.841101698879866
17690 -7.847750633987571
17700 -7.854398244991554
17710 -7.861044531028465
17720 -7.867689491238705
17730 -7.874333124766382
17740 -7.880975430759344
17750 -7.887616408369134
17760 -7.894256056750999
17770 -7.90089437506389
17780 -7.907531362470415
17790 -7.9141670181368795
17800 -7.920801341233236
17810 -7.9274343309330995
17820 -7.93406598641373
17830 -7.940696306856015
17840 -7.947325291444486
17850 -7.953952939367275
17860 -7.960579249816133
17870 -7.967204221986405
17880 -7.973827855077033
17890 -7.980450148290538
17900 -7.987071100833013
17910 -7.993690711914116
17920 -8.000308980747057
17930 -8.006925906548595
17940 -8.01354148853903
17950 -8.020155725942182
17960 -8.02676861798539
17970 -8.03338016389951
17980 -8.039990362918898
17990 -8.046599214281404
18000 -8.053206717228358
18010 -8.059812871004565
18020 -8.0664176748583
18030 -8.073021128041294
18040 -8.079623229808728
18050 -8.086223979419218
18060 -8.092823376134826
18070 -8.099421419221013
18080 -8.10601810794668
18090 -8.112613441584113
18100 -8.119207419409014
18110 -8.125800040700454
18120 -8.1323913047409
18130 -8.138981210816185
18140 -8.145569758215496
18150 -8.152156946231388
18160 -8.158742774159752
18170 -8.165327241299824
18180 -8.171910346954164
18190 -8.17849209042865
18200 -8.185072471032484
18210 -8.191651488078152
18220 -8.198229140881455
18230 -8.204805428761471
18240 -8.211380351040553
18250 -8.217953907044336
18260 -8.224526096101705
18270 -8.231096917544804
18280 -8.237666370709027
18290 -8.24423445493299
18300 -8.250801169558557
18310 -8.257366513930798
18320 -8.263930487398005
18330 -8.270493089311667
18340 -8.277054319026476
18350 -8.2836141759003
18360 -8.2901726592942
18370 -8.296729768572405
18380 -8.303285503102305
18390 -8.30983986225445
18400 -8.316392845402522
18410 -8.322944451923368
18420 -8.329494681196945
18430 -8.336043532606347
18440 -8.342591005537765
18450 -8.349137099380526
18460 -8.355681813527031
18470 -8.362225147372783
18480 -8.368767100316372
18490 -8.375307671759455
18500 -8.381846861106762
18510 -8.38838466776608
18520 -8.394921091148255
18530 -8.401456130667167
18540 -8.407989785739746
18550 -8.414522055785936
18560 -8.421052940228709
18570 -8.42758243849405
18580 -8.434110550010951
18590 -8.440637274211397
18600 -8.44716261053037
18610 -8.453686558405828
18620 -8.460209117278705
18630 -8.4667302865929
18640 -8.473250065795279
18650 -8.479768454335652
18660 -8.486285451666777
18670 -8.492801057244346
18680 -8.499315270526978
18690 -8.505828090976221
18700 -8.512339518056532
18710 -8.518849551235274
18720 -8.525358189982704
18730 -8.531865433771983
18740 -8.538371282079147
18750 -8.544875734383105
18760 -8.551378790165645
18770 -8.557880448911405
18780 -8.564380710107894
18790 -8.570879573245445
18800 -8.577377037817254
18810 -8.583873103319327
18820 -8.590367769250511
18830 -8.596861035112461
18840 -8.603352900409654
18850 -8.609843364649347
18860 -8.616332427341614
18870 -8.622820087999315
18880 -8.629306346138076
18890 -8.635791201276316
18900 -8.642274652935203
18910 -8.648756700638678
18920 -8.655237343913427
18930 -8.66171658228888
18940 -8.668194415297211
18950 -8.674670842473319
18960 -8.68114586335483
18970 -8.687619477482084
18980 -8.694091684398135
18990 -8.70056248364873
19000 -8.70703187478232
19010 -8.713499857350048
19020 -8.719966430905723
19030 -8.726431595005847
19040 -8.732895349209565
19050 -8.739357693078714
19060 -8.745818626177758
19070 -8.75227814807382
19080 -8.758736258336652
19090 -8.765192956538659
19100 -8.771648242254845
19110 -8.778102115062858
19120 -8.78455457454294
19130 -8.791005620277945
19140 -8.797455251853329
19150 -8.803903468857133
19160 -8.810350270879983
19170 -8.816795657515089
19180 -8.823239628358225
19190 -8.829682183007737
19200 -8.836123321064523
19210 -8.842563042132031
19220 -8.849001345816259
19230 -8.855438231725733
19240 -8.861873699471527
19250 -8.868307748667219
19260 -8.874740378928918
19270 -8.881171589875239
19280 -8.887601381127304
19290 -8.894029752308727
19300 -8.90045670304562
19310 -8.906882232966579
19320 -8.913306341702672
19330 -8.919729028887438
19340 -8.926150294156896
19350 -8.932570137149508
19360 -8.938988557506192
19370 -8.945405554870316
19380 -8.951821128887673
19390 -8.958235279206512
19400 -8.964648005477486
19410 -8.97105930735368
19420 -8.977469184490591
19430 -8.983877636546115
19440 -8.990284663180558
19450 -8.99669026405662
19460 -9.00309443883938
19470 -9.009497187196304
19480 -9.015898508797243
19490 -9.022298403314394
19500 -9.028696870422337
19510 -9.035093909797997
19520 -9.041489521120658
19530 -9.047883704071943
19540 -9.054276458335806
19550 -9.060667783598543
19560 -9.067057679548773
19570 -9.073446145877428
19580 -9.079833182277758
19590 -9.086218788445322
19600 -9.092602964077967
19610 -9.098985708875855
19620 -9.105367022541412
19630 -9.111746904779372
19640 -9.11812535529672
19650 -9.12450237380273
19660 -9.130877960008927
19670 -9.137252113629106
19680 -9.143624834379303
19690 -9.1499961219778
19700 -9.156365976145128
19710 -9.162734396604048
19720 -9.169101383079541
19730 -9.175466935298823
19740 -9.181831052991315
19750 -9.188193735888657
19760 -9.19455498372468
19770 -9.200914796235429
19780 -9.207273173159125
19790 -9.213630114236192
19800 -9.21998561920922
19810 -9.226339687822989
19820 -9.232692319824428
19830 -9.239043514962646
19840 -9.245393272988903
19850 -9.251741593656607
19860 -9.25808847672131
19870 -9.264433921940721
19880 -9.27077792907466
19890 -9.277120497885091
19900 -9.283461628136093
19910 -9.289801319593863
19920 -9.296139572026714
19930 -9.302476385205058
19940 -9.308811758901406
19950 -9.315145692890372
19960 -9.32147818694865
19970 -9.327809240855018
19980 -9.334138854390332
19990 -9.340467027337525
